1696029145.7838628 0.0 0.0 -2.77549035117286e-05
1696029145.8839216 0.0 0.0 3.920661173495432e-08
1696029145.9839342 0.0 0.0 2.782046862256915e-05
1696029146.0839262 0.0 0.0 2.782046862256915e-05
1696029146.1840317 0.0 0.0 8.343465000429373e-05
1696029146.2844815 0.0 0.0 0.00011133737303864466
1696029146.3840458 0.0 0.0 0.00011133737303864466
1696029146.484187 0.0 0.0 0.00011133737303864466
1696029146.5839837 0.0 0.0 0.00013905869926633674
1696029146.683975 0.0 0.0 0.00013905869926633674
1696029146.7845185 0.0 0.0 0.00016698744966286982
1696029146.8842108 0.0 0.0 0.0001946797682960688
1696029146.9840512 0.0 0.0 0.00016694632245697894
1696029147.0844696 0.0 0.0 0.00019484030347655112
1696029147.1841507 0.0 0.0 0.00019484030347655112
1696029147.2843502 0.0 0.0 0.00019484030347655112
1696029147.38418 0.0 0.0 0.00022257083531071475
1696029147.4840372 0.0 0.0 0.00025030891706673275
1696029147.5838628 0.0 0.0 0.00025030891706673275
1696029147.683934 0.0 0.0 0.00025030891706673275
1696029147.7838922 0.0 0.0 0.00025030891706673275
1696029147.8840394 0.0 0.0 0.00027812759754991534
1696029147.9840405 0.0 0.0 0.00033368376374265374
1696029148.083941 0.0 0.0 0.00033368376374265374
1696029148.1839302 0.0 0.0 0.00036145853546978857
1696029148.2839262 0.0 0.0 0.00036145853546978857
1696029148.3839293 0.0 0.0 0.00038923714838523527
1696029148.483927 0.0 0.0 0.00041701430429821884
1696029148.5839465 0.0 0.0 0.0003892311216932287
1696029148.684045 0.0 0.0 0.0003892311216932287
1696029148.7843924 0.0 0.0 0.0003892311216932287
1696029148.8843954 0.0 0.0 0.0004447883475241221
1696029148.9840813 0.0 0.0 0.0004447883475241221
1696029149.0845091 0.0 0.0 0.0004447883475241221
1696029149.183933 0.0 0.0 0.00047240609412216306
1696029149.2840571 0.0 0.0 0.0005280306069758989
1696029149.3840723 0.0 0.0 0.0005280306069758989
1696029149.4842103 0.0 0.0 0.0005280306069758989
1696029149.5841782 0.0 0.0 0.0005835683619556942
1696029149.6840487 0.0 0.0 0.0005558265714661337
1696029149.7840424 0.0 0.0 0.0005836026015135776
1696029149.884048 0.0 0.0 0.0006113819429302558
1696029149.984042 0.0 0.0 0.0006391580392050844
1696029150.084032 0.0 0.0 0.0006391580392050844
1696029150.1840222 0.0 0.0 0.0006391580392050844
1696029150.2838755 0.0 0.0 0.0006391580392050844
1696029150.384157 0.0 0.0 0.0006391580392050844
1696029150.4840162 0.0 0.0 0.0006391580392050844
1696029150.5840406 0.0 0.0 0.0006391580392050844
1696029150.6840293 0.0 0.0 0.000611383399932719
1696029150.784045 0.0 0.0 0.0005836012769658838
1696029150.8840363 0.0 0.0 0.0006391520125130778
1696029150.9840457 0.0 0.0 0.0006947128146227444
1696029151.084044 0.0 0.0 0.0006669355262549914
1696029151.1840432 0.0 0.0 0.0006391579729776997
1696029151.2840521 0.0 0.0 0.0006947185101778275
1696029151.3840532 0.0 0.0 0.0006947185101778275
1696029151.4840236 0.0 0.0 0.0007502575897053165
1696029151.5840197 0.0 0.0 0.0007780342820266073
1696029151.6840456 0.0 0.0 0.0007224643405378539
1696029151.7840543 0.0 0.0 0.0007224643405378539
1696029151.8847187 0.002055205850628654 1.4848131978790657e-06 -0.0008713882786602345
1696029151.9843903 0.02589737438703016 -1.9290978261057542e-05 -0.007350042187219075
1696029152.0840495 0.07996688820441204 -0.00041671134251637735 0.0008995251002825166
1696029152.1840394 0.15260540728440614 -0.00035137115373333336 -0.01707088006774643
1696029152.2840438 0.2377210627294868 -0.0018045114580675784 -0.014404095080889967
1696029152.384042 0.3292029441427664 -0.0031223163158695046 -0.023237272339464987
1696029152.4840417 0.4172589657070882 -0.0051688664424709655 -0.02784836800800622
1696029152.5840406 0.5008720333744794 -0.007497956046478902 -0.02429284966561812
1696029152.6840568 0.5809728997477952 -0.009444217223609852 -0.02076450344829911
1696029152.7841027 0.6607230098131289 -0.011100426698873294 -0.029185035168299678
1696029152.8843894 0.7431836250559976 -0.013507726179056427 -0.025396425665260403
1696029152.9840539 0.8273573536427266 -0.015645897731359357 -0.016509679208001338
1696029153.0843894 0.9125416809142719 -0.017052391439583266 0.042353869301491265
1696029153.1841757 0.9936711429343165 -0.013614188689166851 0.07680785570600585
1696029153.2840753 1.076774658414479 -0.007218604110870738 0.09129328719875368
1696029153.384051 1.1691236387014081 0.0012357384016248307 0.08901606014966629
1696029153.4841006 1.2652188775548372 0.00981242342022567 0.08720961084311946
1696029153.5840335 1.3621427063267073 0.018286607223755344 0.08579389467927373
1696029153.6842215 1.4623524125216205 0.026905144432949994 0.08949528538128354
1696029153.7840464 1.5577733722679898 0.03546774311608809 0.0661473486327761
1696029153.8843532 1.6522284591621845 0.0417248252374476 0.06859929136046955
1696029153.984042 1.7480559764460317 0.048308856106093125 0.07363911257416217
1696029154.0840342 1.847073116334858 0.055613599048864634 0.07061156871646607
1696029154.1840422 1.9469026710492816 0.06267445954929823 0.07247282906851343
1696029154.2840412 2.046588300934354 0.06991163423406178 0.07127839711372602
1696029154.3840432 2.1470606831922483 0.07708529757415251 0.07044504665026524
1696029154.4840417 2.2493287898199554 0.08430151991286398 0.07525052889045186
1696029154.58404 2.3504517212285743 0.09192546998670333 0.0892502819484075
1696029154.684082 2.450788782581294 0.10090443465784632 0.09736480818378718
1696029154.784347 2.5506345146612475 0.11065673165603043 0.10106904394800681
1696029154.8840394 2.6525632504342447 0.12099379305161577 0.0899090398057591
1696029154.9843028 2.7551550162732874 0.13024265512735272 0.09313974801253527
1696029155.0840456 2.8579405260291626 0.1398438511742983 0.09122800926427294
1696029155.1840813 2.959103151274941 0.14909840416916892 0.10381583066838379
1696029155.2842607 3.0604231102274255 0.15965497241813734 0.10668207552164904
1696029155.3841977 3.1617700367684507 0.170508077461751 0.0971603037496735
1696029155.4841855 3.263327906025403 0.1804066383901497 0.10543706691403226
1696029155.5841947 3.364564550064428 0.1911204644363318 0.1052148243052683
1696029155.6842217 3.4660944796558772 0.20184251229595354 0.09576782171220499
1696029155.7841861 3.5654136546957136 0.21138327882944385 0.1134004277416919
1696029155.8841715 3.66476673688008 0.22269850579258307 0.12037162911519117
1696029155.9841826 3.766166821042463 0.23496349356319227 0.11248186332272125
1696029156.084518 3.8676857595307665 0.24643093644629285 0.12376959097570206
1696029156.184383 3.968850169858249 0.2590163447804153 0.13719588009688677
1696029156.2841942 4.068697604157451 0.2728016020983461 0.13367475882319246
1696029156.3840554 4.167511886816237 0.28608982074780265 0.13278710417930262
1696029156.483962 4.266156670086399 0.2992661103166803 0.14391559889205985
1696029156.583975 4.3657790230897735 0.3137031305510694 0.1467770823939435
1696029156.6839778 4.46329956208512 0.3281205940087578 0.13786016943095902
1696029156.7839725 4.560710501927152 0.34163540963484534 0.10558411545924529
1696029156.8840008 4.649097795826137 0.35100253804215764 0.07251921270322115
1696029156.983961 4.740724238289961 0.3576588882678327 0.06421695217191214
1696029157.0844047 4.835350654672779 0.3637438750806025 0.06700705223737435
1696029157.1840801 4.933115229438421 0.3703046131070403 0.06445979165964177
1696029157.2840486 5.032946806941551 0.37674866341597113 0.05996121197877857
1696029157.3840463 5.133322331214853 0.38277452492354264 0.06473888284237683
1696029157.4840431 5.235825890140197 0.3894197771003513 0.08751593304611982
1696029157.5840409 5.338076607834244 0.39839126007880715 0.09182139222427355
1696029157.684042 5.438500846154809 0.4076383560134435 0.09718256211053122
1696029157.7840376 5.5397935425200835 0.4175133473159522 0.10784876109927544
1696029157.8841422 5.642692731111332 0.42865412496881466 0.09722655409365066
1696029157.9840493 5.745622508681884 0.438693285914548 0.10236067209425548
1696029158.084039 5.845992854969904 0.4490032956173637 0.1118041394695416
1696029158.1840684 5.9481944805625275 0.46047771100692353 0.10574679949332888
1696029158.2842145 6.04868628156832 0.4711441858885327 0.09473073347864924
1696029158.3843791 6.150584363305404 0.48082604463519696 0.09486985099575707
1696029158.4841948 6.25108138488291 0.4903888887792315 0.09284581230590838
1696029158.5843592 6.351067468727487 0.49969894530576225 0.08817147299157391
1696029158.6840408 6.449237131554295 0.5083772096236481 0.07499134842334776
1696029158.7840405 6.5471121292981405 0.5157307776114155 0.07351913109119002
1696029158.884061 6.645960662357213 0.5230111575704264 0.08221537083418928
1696029158.984041 6.746402227077861 0.5312876544302136 0.09440736124286309
1696029159.0841067 6.848354557818928 0.5409414024845086 0.09437956523544383
1696029159.1840692 6.949110265803772 0.5504790180075355 0.09521258560722773
1696029159.2841356 7.050554673063461 0.560167095576991 0.09543495544242592
1696029159.3840504 7.1520856668648 0.5698862261100377 0.08355619758115057
1696029159.4840474 7.251121310815682 0.5781805796589287 0.08883381938516105
1696029159.5840447 7.35308645881008 0.5872624354397631 0.08883381943172591
1696029159.684053 7.455487761481458 0.5963831387527441 0.08247218343216706
1696029159.7840407 7.556041380884009 0.6046948683698596 0.080666849063663
1696029159.884041 7.65759449540178 0.6129046532684607 0.07758350392860985
1696029159.984211 7.7607901585590175 0.620927036980086 0.0732149832296784
1696029160.0842016 7.862801931213425 0.6284092011995512 0.07682575528140861
1696029160.1840403 7.965343960511558 0.6363026056375817 0.07430205388527272
1696029160.2840424 8.065566273664947 0.6437630636259969 0.07663543507120191
1696029160.3840554 8.167453172117227 0.6515865321341016 0.06596737959641014
1696029160.484042 8.268965122503033 0.6582927401130616 0.06507861021318123
1696029160.5839343 8.370524064313178 0.6649114013810788 0.07035070799110804
1696029160.683934 8.472839665019306 0.6721212746771376 0.06746182876810564
1696029160.7839234 8.574800380525303 0.679010184882465 0.06035147025174864
1696029160.8839295 8.677067874972675 0.6851896828821648 0.06126819292443314
1696029160.9839277 8.779914701526078 0.6914988184625007 0.06726808693247593
1696029161.0839307 8.881632172313271 0.6983514973631416 0.08124072947342514
1696029161.1839268 8.98347990509102 0.7066439330150566 0.0750465269344433
1696029161.2839935 9.084460740916901 0.7142364530286867 0.07007098991233834
1696029161.3839269 9.187105446662214 0.7214406637870244 0.0636030788214123
1696029161.4840295 9.2890096217448 0.7279308371059341 0.05795840054296714
1696029161.584339 9.39111354013581 0.733855252109057 0.06422773628973227
1696029161.6840694 9.494317967664346 0.7404929686828812 0.06655478110453056
1696029161.7840471 9.595497822851526 0.7472369322884664 0.06594380603937394
1696029161.8840525 9.6953718366794 0.7538325682198944 0.06513820716366386
1696029161.9839668 9.798076801610963 0.760532063471921 0.06474965154159329
1696029162.0839906 9.90086644216758 0.7671969737351246 0.059192777067782254
1696029162.1839597 10.001795626559796 0.7731782397685724 0.060997775663439446
1696029162.2840602 10.10558661935894 0.7795171231690046 0.06336126014462784
1696029162.3840394 10.206834553136792 0.7859409185704085 0.04964189650835826
1696029162.4840405 10.308533317564473 0.7909935892534363 0.053503049884128684
1696029162.5840385 10.409539252205521 0.7964028772984142 0.052558624168377976
1696029162.6844995 10.512225479101065 0.8018048992193232 0.05359114007837573
1696029162.784228 10.613156051666401 0.8072190678472237 0.06375791541035736
1696029162.8843837 10.71608774848726 0.8137906853793107 0.07279973951912422
1696029162.9841983 10.818074778966693 0.8212284588531246 0.06994393125302545
1696029163.0843801 10.919681316773067 0.82834683139306 0.0779306487559277
1696029163.1840584 11.021504697158488 0.8362980965099646 0.0703994010904323
1696029163.2839792 11.125075598358531 0.8436014953122423 0.06540336353277021
1696029163.383974 11.225778841475694 0.8501972334568871 0.1001515901753971
1696029163.484041 11.323230464176229 0.8599899317179301 0.09217403417170211
1696029163.5840752 11.420543152253924 0.8689851237361361 0.09739804430808996
1696029163.6840405 11.520999638093967 0.8788004459304315 0.09339943103992199
1696029163.784043 11.624459790373379 0.8884917622742601 0.1001773798532215
1696029163.8840396 11.727663809991672 0.8988651946742084 0.09703859861860331
1696029163.9840388 11.833707989571742 0.9091879951255848 0.09173308616382791
1696029164.0840385 11.938212890113855 0.9188015331545525 0.08973309269798757
1696029164.184048 12.043505836708224 0.9282752360585371 0.08601051911963675
1696029164.284034 12.148854245278159 0.9373587177115484 0.0880935624391117
1696029164.3840423 12.252886351285325 0.946547057473197 0.08862138377919448
1696029164.4840724 12.356101448988339 0.9557181439779192 0.0899273333976125
1696029164.5841787 12.45880571270929 0.964979042075803 0.09137331249162495
1696029164.6841712 12.561440500182394 0.9743833094973752 0.08442938760102559
1696029164.784515 12.663889441671095 0.9830536222769147 0.07804641293947734
1696029164.8840504 12.765324110147352 0.9909863475616407 0.07450737408967578
1696029164.9839602 12.868503633695994 0.9986882401624386 0.0763113006089946
1696029165.0843797 12.971158066637315 1.006537175239446 0.07639498354546409
1696029165.1841743 13.074719415539336 1.0144641699465133 0.07229231552511256
1696029165.2843153 13.179691616954852 1.0220661010862657 0.07337717687441475
1696029165.3840501 13.283684099361654 1.0297105004727025 0.06836273368530704
1696029165.4841778 13.385810008150044 1.0367030032414626 0.061047849665735676
1696029165.5843832 13.48778934540175 1.0429363679999049 0.06669832200365838
1696029165.684044 13.590510855523814 1.0497978982634777 0.05833790212081019
1696029165.7842069 13.692295923726618 1.0557425709965973 0.06548842582916442
1696029165.8843112 13.791982580228074 1.062280241990786 0.07510956442506106
1696029165.9840643 13.892419221906854 1.0698382123767385 0.06452464793892282
1696029166.0839589 13.993406836331308 1.0763634609638713 0.06322046943940612
1696029166.1839764 14.09709746966213 1.0829275790270338 0.05719163384308096
1696029166.2840538 14.200263710847613 1.088834266350305 0.05405031600882665
1696029166.3839562 14.303343563859736 1.094411196920921 0.05088674031978996
1696029166.4839582 14.406512952803714 1.0996656870394692 0.03302526263348354
1696029166.583957 14.510045619020072 1.1030861241432361 0.026080908009922077
1696029166.683956 14.612823012836516 1.105767259839565 0.027469782339134607
1696029166.7839687 14.714514063856425 1.108561393719787 0.01841306949647753
1696029166.8839998 14.818164944434997 1.1104701403066592 0.019218875889490727
1696029166.9840038 14.920932994640934 1.112445469920961 0.020524483205475008
1696029167.0840127 15.023764457202008 1.1145563289585079 0.018440963235108854
1696029167.1839507 15.127394812982244 1.116467589197937 0.021633424616351704
1696029167.2839723 15.2302978101414 1.1186940807770558 0.012853750702221334
1696029167.3839612 15.333426512447318 1.1200197444157765 0.010409576711365276
1696029167.4839602 15.43743687656313 1.1211024873885185 -0.0007291956305716663
1696029167.5843754 15.540004026910792 1.1210276958573886 0.0021437956073875886
1696029167.6840463 15.642919244711432 1.1212483253872372 0.008013303492713064
1696029167.784039 15.747519602562106 1.1220865377416036 0.002569253385995396
1696029167.884042 15.85102142653735 1.1223524607384339 0.0026248105885425255
1696029167.98404 15.954609474564599 1.1226243603681718 -0.0007917877463640699
1696029168.0840402 16.053400683513576 1.122546138683131 0.021402689136253594
1696029168.1840405 16.146716224043566 1.1245436472009633 0.04126387594526332
1696029168.284038 16.242284886880302 1.128489420401921 0.03901393164580608
1696029168.38403 16.340368789836617 1.1323180017623458 0.03262555115145244
1696029168.4840407 16.441904839918024 1.1356318472231761 0.040376375304882084
1696029168.5840378 16.544829350816965 1.1397898256660313 0.05540370887573115
1696029168.6840384 16.648900460516526 1.1455616580220709 0.056848162262527924
1696029168.78404 16.753952884676682 1.1515401369085085 0.05312588154165937
1696029168.88404 16.85621062143749 1.1569777859476165 0.07451480049777942
1696029168.9840386 16.95332826121516 1.1642279111360054 0.1004310708333081
1696029169.0840847 17.05116643290694 1.1740870736170734 0.092288425023837
1696029169.1840372 17.15141619579153 1.1833653227354322 0.09578676111546752
1696029169.2840848 17.253442866372648 1.1931681259906541 0.09095112781777243
1696029169.3840904 17.35580677050585 1.2025039951651506 0.0952291465589315
1696029169.484037 17.457265867692595 1.2121951712291383 0.09500704326927051
1696029169.5840402 17.55458320856979 1.2214689235248415 0.10995197243855942
1696029169.6840398 17.650505806896515 1.2320585108927309 0.14486852204170547
1696029169.7841558 17.737930401809553 1.244812933047871 0.17924168705315752
1696029169.8843734 17.827612590106224 1.2610621092161798 0.18583934413693087
1696029169.9840448 17.920950921309654 1.2786105290780085 0.19112746362552785
1696029170.0841882 18.019670114827303 1.29771163244909 0.18968094738821933
1696029170.1841772 18.12172053128107 1.3173041903086742 0.1944859713349139
1696029170.2842216 18.222805029730523 1.3372153881616557 0.19682034275267918
1696029170.3840601 18.323933087932414 1.3573805093427838 0.1910518964064803
1696029170.4840443 18.42559272432657 1.3770425871962528 0.1937181409778777
1696029170.5843742 18.526605863980873 1.3968591709849747 0.1968116455260816
1696029170.6840446 18.627295774936442 1.4169360142565988 0.1869830358502032
1696029170.7843106 18.728090483289346 1.4360056765770206 0.1952828306461239
1696029170.8844283 18.830490009472935 1.4562606803420985 0.19258521537375622
1696029170.984039 18.933542326429862 1.4763560894491286 0.1940517077193749
1696029171.0840383 19.03575579399479 1.496443561009962 0.20363496316930735
1696029171.1846137 19.139290392658708 1.5178231627822052 0.2062890374964595
1696029171.2840984 19.23965758675903 1.538826598235355 0.2092459434082226
1696029171.3840818 19.33904949232115 1.559932892567758 0.19846994854782524
1696029171.4840398 19.43659213548887 1.5795504353298795 0.1790059159573552
1696029171.584082 19.530050857122372 1.5964611100120336 0.18662023214616746
1696029171.684081 19.626526988233604 1.6146774750902986 0.1723425693192649
1696029171.7840643 19.72838562638104 1.6324079463371315 0.1556787010905037
1696029171.884038 19.828860553524507 1.6481773538386304 0.15667843776093876
1696029171.9841137 19.9299342788315 1.6641442943978468 0.1570676212491911
1696029172.084027 20.031815120879195 1.6802793801149614 0.1505454992402438
1696029172.1840806 20.12669255145446 1.6946716434031763 0.1445978718217827
1696029172.2840402 20.22221280006321 1.7085807431391207 0.13707313459605325
1696029172.3842719 20.320152674411627 1.7220903859844223 0.13765781920890935
1696029172.4840426 20.418567901256854 1.7357242395127643 0.15068344935856165
1696029172.5840392 20.520348411429623 1.7511780172184808 0.13496176651202935
1696029172.6840394 20.620234174594906 1.7647412262672237 0.15112845578872386
1696029172.7840395 20.72044493962512 1.7800022883240059 0.16540625477913357
1696029172.8840394 20.824665302398156 1.7973999404667242 0.1586007057469752
1696029172.9840443 20.924162178722142 1.8133138735700458 0.15476718407289508
1696029173.0840385 21.024506462971903 1.8289690716382703 0.16087793968369174
1696029173.184031 21.12664636129916 1.8455443744561955 0.1451013422368897
1696029173.2840796 21.228790743661136 1.8604705627469935 0.14390631794436787
1696029173.3840818 21.331011211972143 1.8752831266762306 0.13968399926031055
1696029173.4840746 21.433600375032682 1.8897071253673452 0.13015691194605666
1696029173.5840688 21.53520589772305 1.9030069748551508 0.1354899351464816
1696029173.6840427 21.63526958329199 1.9166481723225992 0.13462904865298714
1696029173.7840362 21.736798791883018 1.9304001383597529 0.12415751035102868
1696029173.8840654 21.83519079705993 1.9426794050204637 0.1285476821537455
1696029173.9840407 21.9374480357276 1.9558972223363509 0.1375454637879881
1696029174.0840352 22.040129887015524 1.9701103902586274 0.12737936358403817
1696029174.1840942 22.139917438241834 1.982890460933292 0.13393878924943198
1696029174.284078 22.24079700620264 1.9964835302454869 0.13757708472109914
1696029174.3840804 22.341087021645638 2.010368853545683 0.130549129083055
1696029174.4843776 22.44073766405216 2.023452571644707 0.13428241414568137
1696029174.5840268 22.542373424552395 2.037183094838428 0.14352764497486287
1696029174.684039 22.641442648654913 2.051500717776067 0.1429442398750534
1696029174.7840393 22.742513908788272 2.0660474857639777 0.14297201772816487
1696029174.8840382 22.843794688480973 2.0806272806864867 0.15952739921829356
1696029174.9840305 22.944993974540246 2.096909698203783 0.1543611317487617
1696029175.084028 23.04715450855256 2.1128057686555604 0.1618053914585474
1696029175.1840394 23.147719143569216 2.1292211766391325 0.17136203177231552
1696029175.2840316 23.24864359469443 2.1466870931621305 0.16780675078887414
1696029175.3840466 23.33070665868471 2.160588559186923 0.17389099184627793
1696029175.4840405 23.305767601482657 2.1562076356211337 0.17019677105336656
1696029175.5840402 23.266455856683194 2.149451542820178 0.14964128384447123
1696029175.6840222 23.242776574635023 2.1458814570566886 0.12506236940089083
1696029175.784044 23.24010025678934 2.14554499441506 0.0212619270760655
1696029175.8840399 23.249833544389578 2.1457519740568975 -0.11331581991140921
1696029175.984057 23.257328341393684 2.1448990411725717 -0.21277724479273558
1696029176.0841362 23.262306393531983 2.1438235450263967 -0.33025922403300284
1696029176.1840398 23.268584291658826 2.141671390328747 -0.478754803828852
1696029176.2842944 23.265276251768267 2.14338835956049 -0.6127616915616187
1696029176.3842633 23.259656683974693 2.147339126825416 -0.7187842768469779
1696029176.4840786 23.257516349638518 2.149211746588844 -0.8518714271174901
1696029176.5840325 23.2594019017321 2.147057242520956 -1.0171840601261721
1696029176.6840737 23.2644426424546 2.138901844006765 -1.1638277232581828
1696029176.7840793 23.267011940475406 2.132941036820003 -1.3621999950873402
1696029176.884043 23.266718613217574 2.1343267774132704 -1.5319716125024485
1696029176.984295 23.266170199471127 2.14844505688329 -1.5150680262344907
1696029177.0840302 23.265856185892318 2.154073946279224 -1.517838450144292
1696029177.1840377 23.26579811378814 2.155169492574631 -1.517421752110683
1696029177.2842908 23.2657239584826 2.156557510626406 -1.5174774482698958
1696029177.3842545 23.26572233509517 2.1565879285347367 -1.5170887006743383
1696029177.484062 23.265804784307768 2.155054255793439 -1.5168946305291182
1696029177.5840387 23.265811349629875 2.154932572005208 -1.5169501731849244
1696029177.684027 23.266957589793325 2.133665832109756 -1.4455974654149635
1696029177.7840734 23.272454753304817 2.0899880289582864 -1.4161671517488734
1696029177.884038 23.282888619900888 2.0230499806520506 -1.4188884107625375
1696029177.9841235 23.295026434641905 1.9437630878011363 -1.4261168073302029
1696029178.0840297 23.307849564496593 1.855751095179967 -1.4235358970473329
1696029178.1840389 23.322467126786663 1.7572063229213837 -1.4429543514759253
1696029178.2840636 23.33504413967958 1.6593634952894996 -1.4587638113543442
1696029178.3840399 23.34622924866221 1.559943483991436 -1.4496548597128325
1696029178.4840362 23.35825011081891 1.4611994142552491 -2.3545660532170087
1696029178.5840402 23.286128174060032 1.3888422021001445 -2.3669832113835794
1696029178.684029 23.213309406828127 1.3175779665283687 -2.3651500807507544
1696029178.7840295 23.1364608660848 1.242093692574852 -2.3562889358438097
1696029178.8840296 23.06478818113718 1.170434544695602 -2.3654278377828044
1696029178.9840274 22.99053005474468 1.097535212880029 -2.3734832130674173
1696029179.0840306 22.917118587154025 1.026619231201536 -2.3730943115827015
1696029179.184032 22.843473199132074 0.9554218924536481 -2.385733369583218
1696029179.2840238 22.76980567756498 0.8859828095232783 -2.3823447587648876
1696029179.3840346 22.693983523465327 0.814025996237403 -2.3874842064142148
1696029179.484024 22.618652819770645 0.7432678631393916 -2.399205187495568
1696029179.5840192 22.542459918235036 0.6733626222842258 -2.3869557830651904
1696029179.6840255 22.467742196776406 0.6031059090461093 -2.3952063058575033
1696029179.7840273 22.392014534904106 0.53306772412501 -2.406567622674175
1696029179.8840249 22.31930814477471 0.46734056944641955 -2.444927782773306
1696029179.984057 22.247229705518645 0.4070395241169148 -2.4821619493025158
1696029180.08404 22.180385322045545 0.3552222185408628 -2.4991868280826215
1696029180.184026 22.10822659967358 0.3012265664552292 -2.5046305143609655
1696029180.2840393 22.03307255545868 0.2456251561400172 -2.51699326370569
1696029180.3840249 21.950794761284865 0.1863131123191254 -2.513882600720495
1696029180.4840636 21.86738754793939 0.12579173172914584 -2.519579252755426
1696029180.5840354 21.78365587634171 0.06576006285132047 -2.5120536002010625
1696029180.6840394 21.699908167946607 0.004757480275586867 -2.5068033922106463
1696029180.7840374 21.617627763893893 -0.05584004300420908 -2.489470406153839
1696029180.8840382 21.536407679110663 -0.11785633175330776 -2.493748220542113
1696029180.9842064 21.454786664579817 -0.17962782288980617 -2.4916613823934743
1696029181.0840247 21.373579476280423 -0.24135307838598757 -2.4985377492142793
1696029181.1840281 21.291798270315514 -0.30263198453151663 -2.5103159371581154
1696029181.2840292 21.209302965896725 -0.36294199021606083 -2.5189826988047828
1696029181.3840299 21.126288469624225 -0.42253448854207953 -2.5358716916772814
1696029181.4840744 21.042242549360036 -0.4807420471899877 -2.5430693369441735
1696029181.5840302 20.95785473048944 -0.538292105890156 -2.541514469043241
1696029181.684037 20.873513467022626 -0.5960027497536757 -2.545431402768518
1696029181.7842746 20.788751644954726 -0.6535150100563867 -2.5530327549242458
1696029181.8840873 20.703094050467413 -0.7106890514904065 -2.5537258990456664
1696029181.9840248 20.621280978553347 -0.7652150470072948 -2.5483403816735333
1696029182.0840647 20.535672954690806 -0.8229385019654005 -2.5506190695661974
1696029182.1840317 20.445000229548004 -0.883776873179235 -2.5504802265032955
1696029182.2840254 20.35447618255261 -0.9445337150065 -2.5511190752060275
1696029182.3840272 20.26284285734016 -1.0059501951736411 -2.5490079259305607
1696029182.484032 20.172006632521622 -1.0671107355871348 -2.5476467511467846
1696029182.5840402 20.08031604167744 -1.1290280788942886 -2.548063452160626
1696029182.6840417 19.988959434389265 -1.1906644754904463 -2.54792456108287
1696029182.7840247 19.89706016116768 -1.252685573262816 -2.5478134688836094
1696029182.8840392 19.806262924866484 -1.3139776091407018 -2.5464521611421596
1696029182.9840374 19.715702698741996 -1.3752892752304282 -2.546868820432752
1696029183.0840864 19.624654255471725 -1.4368761680391888 -2.5442008467182413
1696029183.1842494 19.53738918895859 -1.4962438738058368 -2.5434774474028075
1696029183.284249 19.44864728788001 -1.5567102455238016 -2.5440607787915392
1696029183.3841472 19.35982188277624 -1.6171576741808777 -2.5556323088255524
1696029183.4841213 19.27273497670327 -1.6749590602817075 -2.5456626639545106
1696029183.5840385 19.185962971718617 -1.7338059611167271 -2.5448022660866405
1696029183.684042 19.09991029937504 -1.7922731814574504 -2.5566082329970437
1696029183.7840295 19.015562334906573 -1.8481381718921832 -2.5509144999340387
1696029183.8840563 18.9315640496983 -1.9044622363325883 -2.5576107413889373
1696029183.98425 18.84704971521793 -1.9603156045255332 -2.5539369707323063
1696029184.0840237 18.763094633082606 -2.0162435984735283 -2.5450682020374655
1696029184.183932 18.67952618321474 -2.07299047321847 -2.5351051192404013
1696029184.2841754 18.59624896208972 -2.130760163237688 -2.5024703455073647
1696029184.384415 18.51490414510851 -2.19121404306673 -2.478106574758324
1696029184.4840345 18.435549993890437 -2.2532456567419272 -2.4486357668544043
1696029184.5840251 18.357769581658857 -2.3178282372067662 -2.4694115933813654
1696029184.6840281 18.27865448702096 -2.3807888494939236 -2.4700227227956537
1696029184.784026 18.19950508172184 -2.4436978006856465 -2.4485509824041207
1696029184.8840258 18.121722912922973 -2.5082929817631796 -2.4456343185065865
1696029184.9840257 18.044129477133023 -2.5731147522095754 -2.4475232055932628
1696029185.0840328 17.96581086301653 -2.6382915555256625 -2.443384024712816
1696029185.1841593 17.88611529473865 -2.705174525618424 -2.436041413896077
1696029185.284036 17.808477558407628 -2.7713081058393687 -2.4443644669189153
1696029185.384071 17.731067672815065 -2.836143617043145 -2.449227288766145
1696029185.4841936 17.65671608725322 -2.897804910740793 -2.503460285470772
1696029185.5840383 17.58023858576573 -2.954524060041444 -2.519463170290588
1696029185.6840432 17.500918918096975 -3.0114064713905035 -2.5040735248663983
1696029185.7840326 17.419252009321024 -3.071896725466612 -2.5090452205925304
1696029185.8840394 17.335919300291863 -3.132981573465012 -2.5060727956176527
1696029185.9842694 17.253861110848867 -3.193507959752744 -2.50415172099371
1696029186.0840724 17.171474145629833 -3.2545215796689564 -2.510555744800277
1696029186.1842694 17.08860546604619 -3.3150740610738736 -2.5209094425668046
1696029186.2840855 17.004404931400618 -3.3752724696738623 -2.519744921582919
1696029186.3840778 16.916906467145466 -3.4379828073572263 -2.514967512714857
1696029186.4840803 16.830427815076746 -3.500589756999229 -2.496800386377156
1696029186.584147 16.747044410430284 -3.563295694236694 -2.4905184234955224
1696029186.6842947 16.664244218762693 -3.626381228523415 -2.4900176848859568
1696029186.7840767 16.58199548211916 -3.689111726406627 -2.4787922113025624
1696029186.8840704 16.496944456472555 -3.755502723392465 -2.4756812959372487
1696029186.9843144 16.41492655735607 -3.819937680935053 -2.4670213245418315
1696029187.0840442 16.3352997722877 -3.883616962561517 -2.4825348443877564
1696029187.1840394 16.25709393111416 -3.944194918292416 -2.4708409684590498
1696029187.2843716 16.180609905246307 -4.004883340522959 -2.4666325875745434
1696029187.3843243 16.100437592200823 -4.069050006975633 -2.4696311686263135
1696029187.4844801 16.020387604056822 -4.13272591346409 -2.475334486778528
1696029187.584212 15.940029404322283 -4.195902058814564 -2.4851414586873153
1696029187.6840377 15.85859389152226 -4.25864275641988 -2.4973978262718814
1696029187.7840428 15.776661935998842 -4.320180578237222 -2.49331428282225
1696029187.884037 15.69457800370598 -4.382358448564942 -2.4826204607827362
1696029187.984062 15.613186827065086 -4.4453926046569165 -2.489816699512448
1696029188.084051 15.530126127371354 -4.508768789625836 -2.4812898648192627
1696029188.1840317 15.447314741585059 -4.573079300036097 -2.482678487577532
1696029188.284037 15.365815346583123 -4.63618970155562 -2.4819284471823475
1696029188.3840392 15.284847613982539 -4.698985602855092 -2.4680114950292977
1696029188.4840314 15.203733496113456 -4.763722757377133 -2.481260470783137
1696029188.584027 15.122945301648572 -4.826465884176332 -2.5022873264041965
1696029188.6840703 15.043495534703354 -4.885533974861017 -2.5016203711225398
1696029188.7840436 14.960695390586608 -4.9471787434684185 -2.498260160707156
1696029188.8841004 14.87904610196086 -5.008394201143265 -2.4907003070507336
1696029188.9840298 14.797832187906373 -5.07024780623196 -2.501414952128549
1696029189.0840528 14.715247888099508 -5.131758250049679 -2.490023440171683
1696029189.1840608 14.634411761009142 -5.193410625305462 -2.48894002006268
1696029189.2840755 14.54925452469378 -5.258504687768345 -2.4772438578322014
1696029189.384035 14.466169953954696 -5.323567949220332 -2.4783267537121114
1696029189.4840767 14.3872706615984 -5.38521601447488 -2.5017531682614704
1696029189.584029 14.312542578700024 -5.440835704868708 -2.49867130807682
1696029189.6840265 14.238464617285254 -5.496327099335698 -2.492865896297606
1696029189.784035 14.159784453085 -5.555982185622683 -2.498227462422295
1696029189.8840353 14.07858555578239 -5.6168641160426205 -2.492144106096471
1696029189.984119 13.997387656657331 -5.678520491988117 -2.4927835290102607
1696029190.0841153 13.915784143558037 -5.740402639491985 -2.4992277369004245
1696029190.1840386 13.834903901847992 -5.800919356258981 -2.524347361304075
1696029190.284067 13.75548761050402 -5.857285741686979 -2.54443637370842
1696029190.3840404 13.67615805290179 -5.911227476781475 -2.5297180618157693
1696029190.4841578 13.59558246455565 -5.967768401129639 -2.546849268645614
1696029190.5840278 13.514251673368012 -6.022784407636121 -2.554533707351558
1696029190.684045 13.431732847991286 -6.077684550413838 -2.5648410463243767
1696029190.7840393 13.345172563770259 -6.133995091746487 -2.5560082263460107
1696029190.88404 13.25758355845757 -6.192082312275623 -2.555119329806203
1696029190.9840384 13.171051021694742 -6.249579717765454 -2.560758119170237
1696029191.0840335 13.08431296774226 -6.306511267867327 -2.5687577298923108
1696029191.1840718 12.998660125510861 -6.361755249964584 -2.5555026571796864
1696029191.2840285 12.914146144134051 -6.417864718307703 -2.5603338999993737
1696029191.384071 12.82745480383715 -6.4748182416916364 -2.5623347515858157
1696029191.4840894 12.74102786301528 -6.5313508230692605 -2.5623347515858157
1696029191.5840263 12.654683916721304 -6.5878291170353735 -2.5687751336524762
1696029191.6840518 12.569412547056462 -6.642824957314384 -2.5656910166372633
1696029191.7840247 12.48504568358078 -6.69760660040473 -2.5644968951833382
1696029191.8840435 12.39785775192589 -6.7543681624514145 -2.566914014656544
1696029191.9840264 12.313019111223792 -6.8093087557479866 -2.5697746388457006
1696029192.0840378 12.226590017225904 -6.86492903033045 -2.567829973661241
1696029192.1840246 12.141339599089816 -6.9200255190343185 -2.5679688441270274
1696029192.2840235 12.054714656223194 -6.975993296474114 -2.573635451159249
1696029192.3840578 11.968398549570454 -7.031070762939042 -2.5814992538737984
1696029192.484158 11.881349222983259 -7.085657624589812 -2.566595434869396
1696029192.5840402 11.796626418376672 -7.140561521808321 -2.5852955889547333
1696029192.6840482 11.710693141809047 -7.1939950933071914 -2.592685069913128
1696029192.78404 11.622652786780275 -7.247840853114662 -2.586852214981577
1696029192.8840446 11.533440195563177 -7.303121134990988 -2.5931580648946566
1696029192.9840267 11.44544798991263 -7.356880274885346 -2.601989810052337
1696029193.0840764 11.357316858251217 -7.409661118679495 -2.6063530899379606
1696029193.1840398 11.268285759965767 -7.462454516738757 -2.611573402202196
1696029193.2840445 11.180139747997364 -7.514103044257491 -2.610045552936093
1696029193.3843691 11.086691659372798 -7.569050251068566 -2.6026605454621503
1696029193.4843922 10.995409585066454 -7.623635009911354 -2.599437581090899
1696029193.584071 10.904955734002057 -7.67812104862982 -2.5931245933657037
1696029193.6840794 10.818060243794873 -7.731214140716353 -3.4948400110952234
1696029193.78404 10.722762028303285 -7.696076456507257 -3.50683527869515
1696029193.8840575 10.627795365583689 -7.65976119169074 -3.497639221170261
1696029193.9841142 10.53108980131669 -7.623796780751611 -3.4928031499771217
1696029194.0840359 10.432984089950054 -7.587850760609805 -3.478619818441879
1696029194.1840327 10.338919817050554 -7.554891057352738 -3.472647787004191
1696029194.284042 10.24375527056226 -7.522182601194169 -3.4697030717220483
1696029194.3840387 10.148896045599713 -7.489891102227001 -3.4725363144414234
1696029194.4840367 10.052484927841814 -7.456766210591322 -3.47467516044146
1696029194.584035 9.955338332679851 -7.423156143152423 -3.4783973169197604
1696029194.684044 9.858522825025515 -7.389256603988602 -3.4665351424021718
1696029194.7841907 9.759544083727366 -7.3559122777441575 -3.4769949161810483
1696029194.8840775 9.66209518530551 -7.3219443017920325 -3.4882876846460316
1696029194.9840736 9.56594734266848 -7.2872072734797815 -3.483426763524729
1696029195.0840442 9.46690108616475 -7.2519664339841805 -3.4761233570908714
1696029195.1840835 9.36758947200289 -7.21744621037902 -3.4831538930803077
1696029195.2843404 9.26960281358206 -7.182612497414746 -3.455583239520999
1696029195.3840396 9.179276177804482 -7.153280438211593 -3.4316554164571555
1696029195.4840372 9.090103669370402 -7.126664126258714 -3.406517152026234
1696029195.5840373 9.000567347810014 -7.102372788456586 -3.4034338142424203
1696029195.684038 8.90483390278635 -7.076716802947166 -3.4069060581541115
1696029195.784048 8.80801933140558 -7.050410437707315 -3.4167403897857276
1696029195.8839319 8.710418459272917 -7.022856919060785 -3.430668629674789
1696029195.983928 8.610706573668784 -6.993201930701861 -3.4291131349979254
1696029196.0839248 8.511225562464798 -6.963783957452969 -3.4431126877842737
1696029196.1839266 8.410240690592888 -6.93237740792058 -3.4456960678849007
1696029196.283927 8.311301242142184 -6.9013264438824775 -3.4418349421259484
1696029196.3839247 8.21119733315192 -6.8703340992403925 -3.4475292589833386
1696029196.4839265 8.11218279736278 -6.839060064410849 -3.4507237614926445
1696029196.5839255 8.012545815957035 -6.807239029303294 -3.452112635821857
1696029196.6839278 7.912601607739755 -6.775166839128545 -3.445390259693818
1696029196.783927 7.813842845400457 -6.744205753974521 -3.446306918893762
1696029196.8839512 7.713808462756965 -6.712744020332153 -3.43597108265216
1696029196.9839277 7.613662438889525 -6.682381009289908 -3.439220320070363
1696029197.083928 7.513955905605092 -6.651797145789102 -3.4388592075846196
1696029197.1839287 7.41525784999552 -6.621561611739312 -3.444137018136674
1696029197.2839265 7.316781738380747 -6.590824628997939 -3.447275836789765
1696029197.383926 7.22007186260938 -6.560305479180064 -3.4294148275297482
1696029197.4839256 7.126586709667462 -6.53262989505742 -3.4284981638656657
1696029197.5840409 7.032236588965402 -6.504792285350052 -3.430611709169322
1696029197.684083 6.933806671743422 -6.475524661186895 -3.4313064460594243
1696029197.7840397 6.834576192998552 -6.4459439444525835 -3.429085185061383
1696029197.8840399 6.73478420964657 -6.416437045303717 -3.422224063724763
1696029197.98404 6.6347481993233135 -6.387602858774549 -3.419112948274103
1696029198.0840373 6.534318131483431 -6.3589931959777335 -3.4253072242841016
1696029198.1840398 6.432555330662775 -6.3293211614873 -3.4248072116125257
1696029198.2841818 6.333800135155912 -6.300579654837881 -3.4187708741755
1696029198.3840613 6.235000826575518 -6.272471084642881 -3.409781718525792
1696029198.48404 6.13492911592241 -6.244970431211949 -3.4104482431111247
1696029198.5840392 6.034385202911886 -6.2172679229097225 -3.4137537718230666
1696029198.6840403 5.934973447501038 -6.189523475731074 -3.408392601936809
1696029198.7840412 5.83397429363538 -6.161918789701477 -3.4065314748880784
1696029198.884039 5.734162227548218 -6.134838092232806 -3.3975316762325765
1696029198.984039 5.634800868791909 -6.1088374257030384 -3.3934205591874917
1696029199.0840642 5.534821504700987 -6.083113743442109 -3.3873912637082118
1696029199.1840408 5.434131790211786 -6.057853576572212 -3.3769214981146494
1696029199.2840645 5.331890610874916 -6.033339063184985 -3.379283169952328
1696029199.384026 5.230659294872791 -6.008813722797225 -3.3740629572940763
1696029199.4840405 5.130878796374837 -5.985190628996912 -3.3687844169162524
1696029199.5843492 5.030681110042724 -5.962026616448983 -3.36349034886602
1696029199.6841779 4.93084218222394 -5.9395016703441215 -3.358221610803274
1696029199.7841651 4.830727211804252 -5.917468121328009 -3.3529445049105835
1696029199.8843057 4.730343687465074 -5.895930222024773 -3.3476593080184127
1696029199.9844053 4.629888887162143 -5.874931770233332 -3.342376275437145
1696029200.0844867 4.52934275767919 -5.854468019969003 -3.3370941991792993
1696029200.184381 4.428878167330466 -5.8345729198232625 -3.331822000735749
1696029200.28448 4.328103899837807 -5.8151680608686185 -3.326538993320887
1696029200.3846402 4.2271670146213225 -5.796284354161422 -3.3212527646060765
1696029200.4842236 4.126713490491542 -5.778040145126764 -3.3159969746591393
1696029200.5841682 4.025800763468312 -5.760259889641041 -3.310722121159772
1696029200.6845148 3.924389413438638 -5.742942809195239 -3.305426052380275
1696029200.7843595 3.823395421669255 -5.726246972497114 -3.300156471242933
1696029200.8843565 3.722160617212848 -5.710058898003305 -3.2948788494389225
1696029200.9843543 3.6208410637659787 -5.694405213519258 -3.2896011898853033
1696029201.0844593 3.5193315132957848 -5.679270253657408 -3.284317867890368
1696029201.1841748 3.418138764568707 -5.664728622521804 -3.279055106849011
1696029201.2841725 3.3165842060636543 -5.650680085393588 -3.2737774472953918
1696029201.3844786 3.2146436200703916 -5.637126055581178 -3.2684835176603917
1696029201.4843369 3.1130880691970937 -5.624169972667769 -3.263213219280483
1696029201.5839741 3.0116905651694337 -5.611776785662883 -3.257954585529685
1696029201.6841187 2.9097126495998396 -5.599856589552654 -3.2526691747230645
1696029201.7843592 2.8075754978227443 -5.58846466028957 -3.2473787054688685
1696029201.8843396 2.7056446961001823 -5.577641399811535 -3.2421019644890627
1696029201.984373 2.603603968013793 -5.567350680488477 -3.236822417455005
1696029202.0839813 2.501944430235411 -5.5576402954005335 -3.2315653188549636
1696029202.1839588 2.399858148918449 -5.548430455696866 -3.226288728873593
1696029202.284173 2.297482837406025 -5.539738875860905 -3.2209996437717185
1696029202.383975 2.195484285909095 -5.531622411333379 -3.2157323150277
1696029202.4843125 2.092896902046186 -5.524002651155634 -3.210436724409914
