1696222408.873617 0.0 0.0 5.555555690079928e-05
1696222408.9736423 0.0 0.0 0.00011111111380159856
1696222409.0737042 0.0 0.0 8.333333535119891e-05
1696222409.1734135 0.0 0.0 5.555555690079927e-05
1696222409.273595 0.0 0.0 8.333333535119891e-05
1696222409.3735936 0.0 0.0 0.00011111111380159856
1696222409.473618 0.0 0.0 0.00013888889225199819
1696222409.573632 0.0 0.0 0.00016666667070239783
1696222409.6735327 0.0 0.0 0.00019444444915279747
1696222409.7736082 0.0 0.0 0.00019444444915279747
1696222409.87353 0.0 0.0 0.00019444444915279747
1696222409.9737072 0.0 0.0 0.00019444444915279747
1696222410.0735373 0.0 0.0 0.00019444444915279747
1696222410.1736798 0.0 0.0 0.00019444444915279747
1696222410.2736063 0.0 0.0 0.00019444444915279747
1696222410.3733933 0.0 0.0 0.00019444444915279747
1696222410.4736166 0.0 0.0 0.00019444444915279747
1696222410.573608 0.0 0.0 0.00019444444915279747
1696222410.6736152 0.0 0.0 0.00019444444915279747
1696222410.773585 0.0 0.0 0.00016666667070239783
1696222410.8735895 0.0 0.0 0.00013888889225199819
1696222410.9735112 0.0 0.0 0.00011111111380159854
1696222411.073524 0.0 0.0 0.00016666667070239783
1696222411.1736143 0.0 0.0 0.00022222222760319711
1696222411.2735357 0.0 0.0 0.00027777778450399637
1696222411.373603 0.0 0.0 0.00033333334140479566
1696222411.4736278 0.0 0.0 0.00030555556295439604
1696222411.573534 0.0 0.0 0.0002777777845039964
1696222411.6735363 0.0 0.0 0.0002500000060535968
1696222411.7736487 0.0 0.0 0.0003055555629543961
1696222411.873627 0.0 0.0 0.0003611111198551954
1696222411.9735734 0.0 0.0 0.0003611111198551954
1696222412.0734148 0.0 0.0 0.00041666667675599467
1696222412.1737385 0.0 0.0 0.00047222223365679395
1696222412.2735038 0.0 0.0 0.0005000000121071936
1696222412.373618 0.0 0.0 0.0005277777905575932
1696222412.4736774 0.0 0.0 0.00047222223365679395
1696222412.573406 0.0 0.0 0.00047222223365679395
1696222412.6736298 0.0 0.0 0.00047222223365679395
1696222412.7736154 0.0 0.0 -0.0011111110798083246
1696222412.8736472 0.0 0.0 -0.002694444393273443
1696222412.9736044 0.0 0.0 -0.009194444154854865
1696222413.0762155 0.0 0.0 -0.0009166665724478669
1696222413.1736755 0.0 0.0 0.007361111009959131
1696222413.2736852 0.0 0.0 -0.010611110960599038
1696222413.3735518 0.0 0.0 -0.028583332931157206
1696222413.4735496 0.650816948204181 0.0 -0.02591666619991884
1696222413.5735438 0.650816948204181 0.0 -0.023249999468680473
1696222413.673559 0.650816948204181 0.0 -0.032083332573529334
1696222413.773636 0.650816948204181 0.42356880172557754 -0.03669444363331422
1696222413.8737376 0.650816948204181 0.42356880172557754 -0.04130555469309911
1696222413.9736042 0.650816948204181 0.42356880172557754 -0.037749999051447956
1696222414.0735905 0.650816948204181 0.42356880172557754 -0.034194443409796806
1696222414.1736076 0.650816948204181 0.42356880172557754 -0.030666665767785165
1696222414.2734044 0.650816948204181 0.42356880172557754 -0.03908333260333166
1696222414.3735328 0.650816948204181 0.42356880172557754 -0.04749999943887816
1696222414.4735177 0.650816948204181 0.42356880172557754 -0.043722221662756064
1696222414.573571 0.650816948204181 0.42356880172557754 -0.03994444388663397
1696222414.67353 0.650816948204181 0.42356880172557754 -0.031027777527924634
1696222414.77336 0.650816948204181 0.8471376034511551 0.027638886834029104
1696222414.873517 0.650816948204181 0.8471376034511551 0.08630555119598285
1696222414.9735348 0.650816948204181 0.8471376034511551 0.12083332982147113
1696222415.073625 0.650816948204181 0.8471376034511551 0.1553611084469594
1696222415.1735315 0.650816948204181 0.8471376034511551 0.1698611080297269
1696222415.275278 0.650816948204181 0.8471376034511551 0.16758333031320946
1696222415.373554 0.650816948204181 0.8471376034511551 0.16530555259669202
1696222415.4735413 0.650816948204181 1.2707064051767327 0.16349999696249146
1696222415.573541 0.650816948204181 1.2707064051767327 0.1616944413282909
1696222415.6737287 0.650816948204181 1.2707064051767327 0.16027777470881124
1696222415.7737677 0.650816948204181 1.2707064051767327 0.1588611080893316
1696222415.8736217 0.650816948204181 1.2707064051767327 0.1625555526115932
1696222415.9735956 0.650816948204181 1.2707064051767327 0.13916666317963977
1696222416.0736284 0.650816948204181 1.2707064051767327 0.11577777374768634
1696222416.173588 0.650816948204181 1.2707064051767327 0.11822221815818926
1696222416.2736256 0.650816948204181 1.2707064051767327 0.12066666256869217
1696222416.373605 0.650816948204181 1.2707064051767327 0.12572221826994798
1696222416.4734082 0.650816948204181 1.6942752069023101 0.12269444052362821
1696222416.5736628 0.650816948204181 1.6942752069023101 0.11966666277730845
1696222416.673758 0.650816948204181 1.6942752069023101 0.12152777403825901
1696222416.7736487 0.650816948204181 1.6942752069023101 0.12338888529920958
1696222416.873748 0.650816948204181 1.6942752069023101 0.12219444081420086
1696222416.9733417 0.650816948204181 1.6942752069023101 0.1213611074374058
1696222417.0736125 0.650816948204181 1.6942752069023101 0.12052777406061074
1696222417.1735356 0.650816948204181 2.1178440086278876 0.1253333296277561
1696222417.2735422 0.650816948204181 2.1178440086278876 0.13013888519490144
1696222417.3736312 0.650816948204181 2.1178440086278876 0.14413888525450608
1696222417.4753122 0.650816948204181 2.1178440086278876 0.15813888531411072
1696222417.5736263 0.650816948204181 2.1178440086278876 0.16624999638879676
1696222417.6736236 0.650816948204181 2.1178440086278876 0.16994444091105837
1696222417.7735426 0.650816948204181 2.1178440086278876 0.17363888543331998
1696222417.8735995 0.650816948204181 2.5414128103534654 0.16244444098556418
1696222417.9735444 0.650816948204181 2.5414128103534654 0.15124999653780838
1696222418.0736246 0.650816948204181 2.5414128103534654 0.15447221879148862
1696222418.1734123 0.650816948204181 2.5414128103534654 0.1525555520900526
1696222418.2735474 0.650816948204181 2.5414128103534654 0.15063888538861656
1696222418.3737178 0.650816948204181 2.5414128103534654 0.16322221864247702
1696222418.473619 0.650816948204181 2.5414128103534654 0.17580555189633748
1696222418.5735548 0.650816948204181 2.964981612079043 0.17866666294867178
1696222418.6736093 0.650816948204181 2.964981612079043 0.16913888506824157
1696222418.7736006 0.650816948204181 2.964981612079043 0.15961110718781135
1696222418.8735266 0.650816948204181 2.964981612079043 0.16788888477021835
1696222418.9737387 0.650816948204181 2.964981612079043 0.17616666235262535
1696222419.0736237 0.650816948204181 2.964981612079043 0.17594444019487135
1696222419.1733978 0.650816948204181 3.3885504138046203 0.1664999955683016
1696222419.273732 0.650816948204181 3.3885504138046203 0.15705555094173188
1696222419.3735342 0.650816948204181 3.3885504138046203 0.17469443989684816
1696222419.4736176 0.650816948204181 3.3885504138046203 0.19233332885196444
1696222419.573503 0.650816948204181 3.3885504138046203 0.19930555088212726
1696222419.675332 0.650816948204181 3.3885504138046203 0.20627777291229007
1696222419.7734911 0.650816948204181 3.3885504138046203 0.19838888359954593
1696222419.8734136 0.650816948204181 3.3885504138046203 0.2096388833015227
1696222419.9736383 0.650816948204181 3.3885504138046203 0.22088888300349946
1696222420.0737312 0.650816948204181 3.3885504138046203 0.23433332754066225
1696222420.1736164 0.650816948204181 3.3885504138046203 0.24777777207782503
1696222420.2736146 0.650816948204181 3.8121192155301977 0.24424999443581338
1696222420.3734157 0.650816948204181 3.8121192155301977 0.2433611055254006
1696222420.4736412 0.650816948204181 3.8121192155301977 0.24247221661498783
1696222420.5737247 0.650816948204181 3.8121192155301977 0.2536111058085227
1696222420.6735349 0.650816948204181 3.8121192155301977 0.26474999500205754
1696222420.7735157 0.650816948204181 3.8121192155301977 0.26761110605439187
1696222420.873517 0.650816948204181 4.235688017255775 0.2586944396956825
1696222420.9737263 0.650816948204181 4.235688017255775 0.24977777333697318
1696222421.0736084 0.650816948204181 4.235688017255775 0.21749999554594993
1696222421.1735382 0.650816948204181 4.235688017255775 0.18522221775492667
1696222421.2737608 0.650816948204181 4.235688017255775 0.15216666193446157
1696222421.3736014 0.650816948204181 4.235688017255775 0.14386110635241506
1696222421.473532 0.650816948204181 4.235688017255775 0.13555555077036854
1696222421.5737176 0.650816948204181 4.659256818981352 0.13833332856884237
1696222421.6735396 0.650816948204181 4.659256818981352 0.1411111063673162
1696222421.7736194 0.650816948204181 4.659256818981352 0.1385555508895778
1696222421.8737552 0.650816948204181 4.659256818981352 0.1359999954118394
1696222421.9735537 0.650816948204181 4.659256818981352 0.13149999523302547
1696222422.0736554 0.650816948204181 4.659256818981352 0.13627777317306033
1696222422.1738741 0.650816948204181 4.659256818981352 0.1410555511130952
1696222422.2737591 0.650816948204181 5.082825620706931 0.16383332902332776
1696222422.373746 0.650816948204181 5.082825620706931 0.1866111069335603
1696222422.47381 0.650816948204181 5.082825620706931 0.19091666260501378
1696222422.5736027 0.650816948204181 5.082825620706931 0.19627777369460098
1696222422.6736147 0.650816948204181 5.082825620706931 0.20163888478418818
1696222422.773481 0.650816948204181 5.082825620706931 0.21230555170914164
1696222422.8736048 0.650816948204181 5.082825620706931 0.2229722186340951
1696222422.973542 0.650816948204181 5.082825620706931 0.21236110770842068
1696222423.0736015 0.650816948204181 5.082825620706931 0.21749999666353695
1696222423.173536 0.650816948204181 5.082825620706931 0.22263888561865322
1696222423.2737188 0.650816948204181 5.506394422432508 0.23208333024522296
1696222423.373531 0.650816948204181 5.506394422432508 0.2415277748717927
1696222423.47377 0.650816948204181 5.506394422432508 0.23547221937915316
1696222423.5731833 0.650816948204181 5.506394422432508 0.2244722194387578
1696222423.6735425 0.650816948204181 5.506394422432508 0.21347221949836245
1696222423.773621 0.650816948204181 5.506394422432508 0.2136111083324068
1696222423.8736103 0.650816948204181 5.506394422432508 0.21374999716645113
1696222423.9735096 0.650816948204181 5.929963224158086 0.2117222193977796
1696222424.073722 0.650816948204181 5.929963224158086 0.20969444162910808
1696222424.173545 0.650816948204181 5.929963224158086 0.2050277749425732
1696222424.2736208 0.650816948204181 5.929963224158086 0.1918055529124104
1696222424.373621 0.650816948204181 5.929963224158086 0.17858333088224757
1696222424.4735317 0.650816948204181 5.929963224158086 0.17711110863601792
1696222424.5737362 0.650816948204181 5.929963224158086 0.17563888638978828
1696222424.673715 0.650816948204181 6.353532025883663 0.18433333098655572
1696222424.773401 0.650816948204181 6.353532025883663 0.19652777522569528
1696222424.8735418 0.650816948204181 6.353532025883663 0.20872221946483485
1696222424.9733322 0.650816948204181 6.353532025883663 0.20869444170966753
1696222425.073677 0.650816948204181 6.353532025883663 0.2086666639545002
1696222425.1734746 0.650816948204181 6.353532025883663 0.20949999705189848
1696222425.2734444 0.650816948204181 6.777100827609241 0.2097222192795017
1696222425.373513 0.650816948204181 6.777100827609241 0.2099444415071049
1696222425.4735625 0.650816948204181 6.777100827609241 0.19805555302882577
1696222425.5736334 0.650816948204181 6.777100827609241 0.18616666455054665
1696222425.6737804 0.650816948204181 6.777100827609241 0.1914444423862734
1696222425.7740333 0.650816948204181 6.777100827609241 0.19144444243283953
1696222425.8739057 0.650816948204181 6.777100827609241 0.19144444247940567
1696222425.9736657 0.650816948204181 6.777100827609241 0.1850833312259057
1696222426.0737455 0.650816948204181 6.777100827609241 0.17872221997240573
1696222426.1737444 0.650816948204181 6.777100827609241 0.17691666433820516
1696222426.273587 0.650816948204181 6.777100827609241 0.1751111087040046
1696222426.3737051 0.650816948204181 7.2006696293348185 0.17202777533093483
1696222426.4735816 0.650816948204181 7.2006696293348185 0.16766666403273137
1696222426.573847 0.650816948204181 7.2006696293348185 0.1633055527345279
1696222426.6736197 0.650816948204181 7.2006696293348185 0.16691666400292904
